FreeLine 0 44.0 43.0 1 44.0 43.0 1 44.0 43.0 1 44.0 43.0 1 44.0 45.0 1 44.0 50.0 1 44.0 58.0 1 44.0 68.0 1 44.0 76.0 1 44.0 82.0 1 44.0 86.0 1 44.0 89.0 1 44.0 91.0 1 46.0 93.0 1 50.0 96.0 1 54.0 99.0 1 57.0 101.0 1 62.0 104.0 1 67.0 107.0 1 72.0 110.0 1 78.0 112.0 1 84.0 113.0 1 92.0 114.0 1 100.0 115.0 1 110.0 114.0 1 119.0 113.0 1 128.0 110.0 1 136.0 107.0 1 141.0 105.0 1 146.0 103.0 1 149.0 101.0 153 0 255 50.0
FreeLine 0 199.0 24.0 1 199.0 24.0 1 199.0 24.0 1 199.0 25.0 1 199.0 31.0 1 199.0 45.0 1 199.0 71.0 1 199.0 102.0 1 198.0 131.0 1 196.0 164.0 1 195.0 190.0 1 194.0 206.0 1 194.0 218.0 1 194.0 224.0 1 193.0 229.0 1 193.0 230.0 1 193.0 231.0 153 0 255 50.0
FreeLine 0 200.0 119.0 1 200.0 119.0 1 200.0 119.0 1 201.0 119.0 1 204.0 119.0 1 210.0 119.0 1 217.0 119.0 1 225.0 119.0 1 231.0 119.0 1 236.0 119.0 1 240.0 119.0 1 243.0 119.0 1 244.0 119.0 1 244.0 119.0 1 245.0 119.0 153 0 255 50.0
FreeLine 0 333.0 34.0 1 333.0 34.0 1 333.0 34.0 1 333.0 36.0 1 333.0 41.0 1 332.0 48.0 1 332.0 58.0 1 332.0 65.0 1 332.0 71.0 1 332.0 76.0 1 332.0 80.0 1 336.0 84.0 1 343.0 87.0 1 355.0 92.0 1 372.0 95.0 1 393.0 96.0 1 412.0 97.0 1 426.0 97.0 1 437.0 95.0 1 444.0 93.0 1 448.0 91.0 1 450.0 89.0 153 0 255 50.0
FreeLine 0 318.0 161.0 1 318.0 161.0 1 317.0 161.0 1 318.0 161.0 1 321.0 161.0 1 327.0 161.0 1 333.0 161.0 1 343.0 161.0 1 357.0 161.0 1 369.0 161.0 1 378.0 161.0 1 385.0 161.0 1 390.0 161.0 1 393.0 161.0 1 396.0 161.0 1 400.0 161.0 1 403.0 162.0 1 408.0 164.0 1 412.0 165.0 1 416.0 167.0 1 420.0 168.0 1 422.0 168.0 1 424.0 169.0 1 426.0 170.0 1 427.0 170.0 1 429.0 171.0 1 431.0 171.0 1 433.0 172.0 1 435.0 173.0 1 436.0 173.0 1 437.0 173.0 1 438.0 173.0 153 0 255 50.0
FreeLine 0 351.0 189.0 1 351.0 189.0 1 351.0 189.0 1 351.0 189.0 1 351.0 191.0 1 351.0 194.0 1 351.0 200.0 1 351.0 209.0 1 351.0 219.0 1 351.0 230.0 1 351.0 239.0 1 351.0 246.0 1 352.0 252.0 1 354.0 258.0 1 358.0 262.0 1 362.0 266.0 1 367.0 270.0 1 374.0 274.0 1 383.0 277.0 1 393.0 280.0 1 404.0 281.0 1 414.0 282.0 1 420.0 283.0 1 426.0 283.0 1 433.0 281.0 1 440.0 278.0 1 450.0 272.0 153 0 255 50.0
FreeLine 0 111.0 386.0 1 111.0 386.0 1 111.0 386.0 1 111.0 389.0 1 111.0 397.0 1 111.0 414.0 1 111.0 437.0 1 111.0 513.0 1 115.0 565.0 1 120.0 583.0 1 133.0 606.0 1 138.0 612.0 1 142.0 616.0 1 145.0 617.0 1 147.0 617.0 1 152.0 614.0 1 161.0 604.0 1 176.0 586.0 1 195.0 563.0 1 211.0 542.0 1 223.0 524.0 1 233.0 507.0 1 238.0 493.0 1 242.0 481.0 1 243.0 472.0 1 244.0 466.0 1 244.0 461.0 1 244.0 458.0 1 244.0 456.0 1 244.0 454.0 1 244.0 449.0 1 242.0 444.0 1 240.0 437.0 1 238.0 432.0 1 237.0 427.0 1 236.0 424.0 1 235.0 422.0 1 234.0 421.0 1 234.0 420.0 153 0 255 50.0
FreeLine 0 135.0 471.0 1 135.0 471.0 1 135.0 471.0 1 136.0 472.0 1 141.0 472.0 1 149.0 472.0 1 160.0 472.0 1 169.0 472.0 1 174.0 472.0 1 180.0 472.0 1 185.0 472.0 1 189.0 472.0 1 191.0 472.0 1 193.0 472.0 1 194.0 472.0 1 196.0 472.0 1 200.0 473.0 1 203.0 474.0 1 207.0 476.0 1 211.0 477.0 1 214.0 479.0 1 217.0 480.0 1 218.0 480.0 1 219.0 480.0 1 219.0 480.0 153 0 255 50.0
FreeLine 0 309.0 395.0 1 309.0 395.0 1 309.0 395.0 1 309.0 396.0 1 309.0 400.0 1 309.0 418.0 1 309.0 449.0 1 309.0 520.0 1 309.0 549.0 1 309.0 573.0 1 309.0 590.0 1 309.0 601.0 1 309.0 609.0 1 309.0 617.0 1 309.0 623.0 1 309.0 627.0 1 309.0 630.0 1 309.0 632.0 1 309.0 633.0 1 309.0 633.0 1 309.0 633.0 153 0 255 50.0
FreeLine 0 309.0 512.0 1 309.0 512.0 1 309.0 512.0 1 309.0 512.0 1 313.0 512.0 1 325.0 512.0 1 343.0 512.0 1 360.0 512.0 1 373.0 512.0 1 383.0 512.0 1 390.0 512.0 1 393.0 512.0 1 394.0 512.0 1 394.0 512.0 153 0 255 50.0
FreeLine 0 539.0 360.0 1 539.0 360.0 1 539.0 360.0 1 539.0 368.0 1 539.0 386.0 1 539.0 406.0 1 539.0 428.0 1 539.0 446.0 1 539.0 457.0 1 539.0 469.0 1 539.0 479.0 1 539.0 485.0 1 539.0 488.0 1 540.0 491.0 1 543.0 493.0 1 547.0 495.0 1 554.0 496.0 1 562.0 497.0 1 571.0 497.0 1 580.0 497.0 1 590.0 496.0 1 599.0 493.0 1 610.0 488.0 1 624.0 479.0 1 638.0 466.0 1 650.0 450.0 1 661.0 431.0 1 669.0 414.0 1 674.0 402.0 1 678.0 390.0 1 681.0 378.0 1 682.0 368.0 1 682.0 359.0 1 682.0 353.0 1 682.0 347.0 1 682.0 344.0 1 680.0 339.0 1 678.0 337.0 153 0 255 50.0
FreeLine 0 548.0 388.0 1 548.0 388.0 1 548.0 388.0 1 549.0 388.0 1 556.0 388.0 1 588.0 388.0 1 606.0 388.0 1 620.0 388.0 1 630.0 388.0 1 637.0 388.0 1 642.0 388.0 1 646.0 388.0 1 646.0 388.0 1 647.0 388.0 1 652.0 387.0 1 658.0 387.0 1 660.0 387.0 1 664.0 387.0 1 665.0 387.0 153 0 255 50.0
FreeLine 0 606.0 503.0 1 606.0 503.0 1 606.0 503.0 1 606.0 503.0 1 606.0 505.0 1 606.0 511.0 1 606.0 522.0 1 606.0 559.0 1 606.0 580.0 1 606.0 583.0 1 606.0 585.0 1 606.0 586.0 1 606.0 587.0 1 606.0 587.0 1 606.0 587.0 1 607.0 589.0 153 0 255 50.0
FreeLine 0 475.0 613.0 1 475.0 613.0 1 475.0 613.0 1 475.0 613.0 1 476.0 613.0 1 477.0 613.0 1 488.0 613.0 1 500.0 613.0 1 519.0 613.0 1 572.0 613.0 1 618.0 615.0 1 672.0 621.0 1 691.0 622.0 1 699.0 622.0 1 701.0 622.0 1 706.0 622.0 1 707.0 622.0 1 708.0 621.0 1 709.0 621.0 1 709.0 621.0 1 710.0 621.0 153 0 255 50.0
